Dynamical matrix file
                                                                           
  1    2  2 10.2625000  0.0000000  0.0000000  0.0000000  0.0000000  0.0000000
           1  'Si  '    25597.911540284873     
    1    1      0.0000000000      0.0000000000      0.0000000000
    2    1      0.2500000000      0.2500000000      0.2500000000

     Dynamical  Matrix in cartesian axes

     q = (    0.000000000   0.000000000   0.000000000 ) 

    1    1
  0.28925608  0.00000000    0.00000000  0.00000000    0.00000000  0.00000000
  0.00000000  0.00000000    0.28925608  0.00000000    0.00000000  0.00000000
  0.00000000  0.00000000    0.00000000  0.00000000    0.28925608  0.00000000
    1    2
 -0.28893741  0.00000000   -0.00000000  0.00000000   -0.00000000  0.00000000
 -0.00000000  0.00000000   -0.28893741  0.00000000   -0.00000000  0.00000000
 -0.00000000  0.00000000   -0.00000000  0.00000000   -0.28893741  0.00000000
    2    1
 -0.28893741  0.00000000    0.00000000  0.00000000   -0.00000000  0.00000000
  0.00000000  0.00000000   -0.28893741  0.00000000   -0.00000000  0.00000000
 -0.00000000  0.00000000    0.00000000  0.00000000   -0.28893741  0.00000000
    2    2
  0.28925608  0.00000000    0.00000000  0.00000000    0.00000000  0.00000000
  0.00000000  0.00000000    0.28925608  0.00000000   -0.00000000  0.00000000
  0.00000000  0.00000000   -0.00000000  0.00000000    0.28925608  0.00000000

     Dielectric Tensor:

         23.563250761042          0.000000000000          0.000000000000
          0.000000000000         23.563250761042         -0.000000000000
          0.000000000000         -0.000000000000         23.563250761042

     Effective Charges E-U: Z_{alpha}{s,beta}

     atom #    1
         -1.174933381201          0.000000000000          0.000000000000
          0.000000000000         -1.174933381201         -0.000000000000
          0.000000000000          0.000000000000         -1.174933381201
     atom #    2
         -1.174933381201          0.000000000000          0.000000000000
          0.000000000000         -1.174933381201          0.000000000000
          0.000000000000          0.000000000000         -1.174933381201

     Effective Charges U-E: Z_{s,alpha}{beta}

     atom #    1
     -0.117496911918E+01      0.310862446895E-14     -0.444089209850E-15
      0.133226762955E-14     -0.117496911918E+01      0.133226762955E-14
      0.133226762955E-14      0.222044604925E-14     -0.117496911918E+01
     atom #    2
     -0.117496911918E+01     -0.444089209850E-15      0.444089209850E-15
      0.000000000000E+00     -0.117496911918E+01     -0.177635683940E-14
      0.444089209850E-15     -0.133226762955E-14     -0.117496911918E+01

     Diagonalizing the dynamical matrix

     q = (    0.000000000   0.000000000   0.000000000 ) 

 **************************************************************************
     freq (    1) =       0.367066 [THz] =      12.243996 [cm-1]
 ( -0.178794  0.000000  0.109720 -0.000000  0.675273  0.000000 ) 
 ( -0.178794  0.000000  0.109720 -0.000000  0.675273  0.000000 ) 
     freq (    2) =       0.367066 [THz] =      12.243996 [cm-1]
 ( -0.364239  0.000000 -0.606074  0.000000  0.002036  0.000000 ) 
 ( -0.364239  0.000000 -0.606074  0.000000  0.002036  0.000000 ) 
     freq (    3) =       0.367066 [THz] =      12.243996 [cm-1]
 (  0.579105  0.000000 -0.347326  0.000000  0.209766 -0.000000 ) 
 (  0.579105  0.000000 -0.347326  0.000000  0.209766 -0.000000 ) 
     freq (    4) =      15.635413 [THz] =     521.541249 [cm-1]
 ( -0.357248  0.000000  0.370005 -0.000000  0.485253  0.000000 ) 
 (  0.357248 -0.000000 -0.370005  0.000000 -0.485253  0.000000 ) 
     freq (    5) =      15.635413 [THz] =     521.541249 [cm-1]
 (  0.396224  0.000000 -0.286989  0.000000  0.510533 -0.000000 ) 
 ( -0.396224  0.000000  0.286989  0.000000 -0.510533  0.000000 ) 
     freq (    6) =      15.635413 [THz] =     521.541249 [cm-1]
 (  0.464091  0.000000  0.529843  0.000000 -0.062337  0.000000 ) 
 ( -0.464091  0.000000 -0.529843  0.000000  0.062337  0.000000 ) 
 **************************************************************************
