Dynamical matrix file
                                                                           
  1    2  2 10.2625000  0.0000000  0.0000000  0.0000000  0.0000000  0.0000000
           1  'Si  '    188851.24696980685     
    1    1      0.0000000000      0.0000000000      0.0000000000
    2    1      0.2500000000      0.2500000000      0.2500000000

     Dynamical  Matrix in cartesian axes

     q = (    0.000000000  -1.000000000   0.000000000 ) 

    1    1
  0.24305971  0.00000000    0.00000000  0.00000000   -0.00000000  0.00000000
  0.00000000  0.00000000    0.35336395  0.00000000    0.00000000  0.00000000
 -0.00000000  0.00000000    0.00000000  0.00000000    0.24305971  0.00000000
    1    2
  0.00000000 -0.00000000    0.00000000 -0.00000000   -0.20171702  0.00000000
  0.00000000 -0.00000000    0.00000000 -0.00000000   -0.00000000  0.00000000
 -0.20171702  0.00000000   -0.00000000  0.00000000    0.00000000 -0.00000000
    2    1
 -0.00000000  0.00000000   -0.00000000  0.00000000   -0.20171702 -0.00000000
  0.00000000  0.00000000    0.00000000  0.00000000   -0.00000000 -0.00000000
 -0.20171702 -0.00000000   -0.00000000 -0.00000000    0.00000000  0.00000000
    2    2
  0.24305971  0.00000000   -0.00000000  0.00000000   -0.00000000  0.00000000
 -0.00000000  0.00000000    0.35336395  0.00000000    0.00000000  0.00000000
 -0.00000000  0.00000000   -0.00000000  0.00000000    0.24305971  0.00000000

     Dynamical  Matrix in cartesian axes

     q = (   -1.000000000   0.000000000   0.000000000 ) 

    1    1
  0.35336395  0.00000000   -0.00000000  0.00000000    0.00000000  0.00000000
 -0.00000000  0.00000000    0.24305971  0.00000000    0.00000000  0.00000000
  0.00000000  0.00000000    0.00000000  0.00000000    0.24305971  0.00000000
    1    2
  0.00000000 -0.00000000    0.00000000  0.00000000   -0.00000000 -0.00000000
  0.00000000 -0.00000000    0.00000000  0.00000000   -0.20171702  0.00000000
  0.00000000 -0.00000000   -0.20171702  0.00000000   -0.00000000 -0.00000000
    2    1
 -0.00000000  0.00000000   -0.00000000  0.00000000   -0.00000000  0.00000000
 -0.00000000  0.00000000   -0.00000000  0.00000000   -0.20171702 -0.00000000
  0.00000000 -0.00000000   -0.20171702 -0.00000000   -0.00000000 -0.00000000
    2    2
  0.35336395  0.00000000   -0.00000000  0.00000000    0.00000000  0.00000000
 -0.00000000  0.00000000    0.24305971  0.00000000    0.00000000  0.00000000
  0.00000000  0.00000000    0.00000000  0.00000000    0.24305971  0.00000000

     Dynamical  Matrix in cartesian axes

     q = (    0.000000000   0.000000000   1.000000000 ) 

    1    1
  0.24305971  0.00000000   -0.00000000  0.00000000    0.00000000  0.00000000
 -0.00000000  0.00000000    0.24305971  0.00000000   -0.00000000  0.00000000
  0.00000000  0.00000000    0.00000000  0.00000000    0.35336395  0.00000000
    1    2
  0.00000000  0.00000000   -0.20171702 -0.00000000    0.00000000  0.00000000
 -0.20171702 -0.00000000    0.00000000  0.00000000   -0.00000000 -0.00000000
  0.00000000  0.00000000   -0.00000000 -0.00000000    0.00000000  0.00000000
    2    1
 -0.00000000 -0.00000000   -0.20171702  0.00000000   -0.00000000 -0.00000000
 -0.20171702  0.00000000   -0.00000000 -0.00000000   -0.00000000  0.00000000
  0.00000000 -0.00000000    0.00000000  0.00000000    0.00000000 -0.00000000
    2    2
  0.24305971  0.00000000   -0.00000000  0.00000000   -0.00000000  0.00000000
 -0.00000000  0.00000000    0.24305971  0.00000000   -0.00000000  0.00000000
  0.00000000  0.00000000   -0.00000000  0.00000000    0.35336395  0.00000000

     Diagonalizing the dynamical matrix

     q = (    0.000000000  -1.000000000   0.000000000 ) 

 **************************************************************************
     freq (    1) =       1.539269 [THz] =      51.344482 [cm-1]
 (  0.362453  0.000000 -0.000000  0.000000 -0.607147  0.000000 ) 
 ( -0.607147  0.000000 -0.000000  0.000000  0.362453  0.000000 ) 
     freq (    2) =       1.539269 [THz] =      51.344482 [cm-1]
 (  0.607147  0.000000 -0.000000  0.000000  0.362453  0.000000 ) 
 (  0.362453  0.000000  0.000000  0.000000  0.607147  0.000000 ) 
     freq (    3) =       4.500142 [THz] =     150.108583 [cm-1]
 ( -0.000000  0.000000  0.627770 -0.000000 -0.000000  0.000000 ) 
 (  0.000000  0.000000 -0.778399  0.000000  0.000000  0.000000 ) 
     freq (    4) =       4.500142 [THz] =     150.108583 [cm-1]
 (  0.000000  0.000000  0.778399  0.000000  0.000000  0.000000 ) 
 ( -0.000000  0.000000  0.627770  0.000000  0.000000  0.000000 ) 
     freq (    5) =       5.048776 [THz] =     168.409054 [cm-1]
 (  0.707107  0.000000 -0.000000  0.000000 -0.000000  0.000000 ) 
 ( -0.000000  0.000000 -0.000000  0.000000 -0.707107  0.000000 ) 
     freq (    6) =       5.048776 [THz] =     168.409054 [cm-1]
 (  0.000000  0.000000 -0.000000  0.000000 -0.707107  0.000000 ) 
 (  0.707107  0.000000  0.000000  0.000000  0.000000  0.000000 ) 
 **************************************************************************
