Dynamical matrix file
                                                                           
  1    2  2 10.2625000  0.0000000  0.0000000  0.0000000  0.0000000  0.0000000
           1  'Si  '    188851.24696980685     
    1    1      0.0000000000      0.0000000000      0.0000000000
    2    1      0.2500000000      0.2500000000      0.2500000000

     Dynamical  Matrix in cartesian axes

     q = (    0.500000000  -0.500000000   0.500000000 ) 

    1    1
  0.28894580  0.00000000   -0.02189583  0.00000000    0.02189583  0.00000000
 -0.02189583  0.00000000    0.28894580  0.00000000   -0.02189583  0.00000000
  0.02189583  0.00000000   -0.02189583  0.00000000    0.28894580  0.00000000
    1    2
 -0.15552474  0.00000000   -0.08818693  0.00000000    0.08818693  0.00000000
 -0.08818693  0.00000000   -0.15552474  0.00000000   -0.08818693  0.00000000
  0.08818693  0.00000000   -0.08818693  0.00000000   -0.15552474  0.00000000
    2    1
 -0.15552474  0.00000000   -0.08818693  0.00000000    0.08818693  0.00000000
 -0.08818693  0.00000000   -0.15552474  0.00000000   -0.08818693  0.00000000
  0.08818693  0.00000000   -0.08818693  0.00000000   -0.15552474  0.00000000
    2    2
  0.28894580  0.00000000   -0.02189583  0.00000000    0.02189583  0.00000000
 -0.02189583  0.00000000    0.28894580  0.00000000   -0.02189583  0.00000000
  0.02189583  0.00000000   -0.02189583  0.00000000    0.28894580  0.00000000

     Dynamical  Matrix in cartesian axes

     q = (    0.500000000   0.500000000  -0.500000000 ) 

    1    1
  0.28894580  0.00000000    0.02189583  0.00000000   -0.02189583  0.00000000
  0.02189583  0.00000000    0.28894580  0.00000000   -0.02189583  0.00000000
 -0.02189583  0.00000000   -0.02189583  0.00000000    0.28894580  0.00000000
    1    2
 -0.15552474  0.00000000    0.08818693  0.00000000   -0.08818693  0.00000000
  0.08818693  0.00000000   -0.15552474  0.00000000   -0.08818693  0.00000000
 -0.08818693  0.00000000   -0.08818693  0.00000000   -0.15552474  0.00000000
    2    1
 -0.15552474  0.00000000    0.08818693  0.00000000   -0.08818693  0.00000000
  0.08818693  0.00000000   -0.15552474  0.00000000   -0.08818693  0.00000000
 -0.08818693  0.00000000   -0.08818693  0.00000000   -0.15552474  0.00000000
    2    2
  0.28894580  0.00000000    0.02189583  0.00000000   -0.02189583  0.00000000
  0.02189583  0.00000000    0.28894580  0.00000000   -0.02189583  0.00000000
 -0.02189583  0.00000000   -0.02189583  0.00000000    0.28894580  0.00000000

     Dynamical  Matrix in cartesian axes

     q = (   -0.500000000  -0.500000000  -0.500000000 ) 

    1    1
  0.28894580  0.00000000    0.02189583  0.00000000    0.02189583  0.00000000
  0.02189583  0.00000000    0.28894580  0.00000000    0.02189583  0.00000000
  0.02189583  0.00000000    0.02189583  0.00000000    0.28894580  0.00000000
    1    2
  0.15552474 -0.00000000   -0.08818693  0.00000000   -0.08818693  0.00000000
 -0.08818693  0.00000000    0.15552474 -0.00000000   -0.08818693  0.00000000
 -0.08818693  0.00000000   -0.08818693  0.00000000    0.15552474 -0.00000000
    2    1
  0.15552474  0.00000000   -0.08818693 -0.00000000   -0.08818693 -0.00000000
 -0.08818693 -0.00000000    0.15552474  0.00000000   -0.08818693 -0.00000000
 -0.08818693 -0.00000000   -0.08818693 -0.00000000    0.15552474  0.00000000
    2    2
  0.28894580  0.00000000    0.02189583  0.00000000    0.02189583  0.00000000
  0.02189583  0.00000000    0.28894580  0.00000000    0.02189583  0.00000000
  0.02189583  0.00000000    0.02189583  0.00000000    0.28894580  0.00000000

     Dynamical  Matrix in cartesian axes

     q = (    0.500000000  -0.500000000  -0.500000000 ) 

    1    1
  0.28894580  0.00000000   -0.02189583  0.00000000   -0.02189583  0.00000000
 -0.02189583  0.00000000    0.28894580  0.00000000    0.02189583  0.00000000
 -0.02189583  0.00000000    0.02189583  0.00000000    0.28894580  0.00000000
    1    2
 -0.15552474  0.00000000   -0.08818693  0.00000000   -0.08818693  0.00000000
 -0.08818693  0.00000000   -0.15552474  0.00000000    0.08818693  0.00000000
 -0.08818693  0.00000000    0.08818693  0.00000000   -0.15552474  0.00000000
    2    1
 -0.15552474  0.00000000   -0.08818693  0.00000000   -0.08818693  0.00000000
 -0.08818693  0.00000000   -0.15552474  0.00000000    0.08818693  0.00000000
 -0.08818693  0.00000000    0.08818693  0.00000000   -0.15552474  0.00000000
    2    2
  0.28894580  0.00000000   -0.02189583  0.00000000   -0.02189583  0.00000000
 -0.02189583  0.00000000    0.28894580  0.00000000    0.02189583  0.00000000
 -0.02189583  0.00000000    0.02189583  0.00000000    0.28894580  0.00000000

     Diagonalizing the dynamical matrix

     q = (    0.500000000  -0.500000000   0.500000000 ) 

 **************************************************************************
     freq (    1) =       1.156511 [THz] =      38.577049 [cm-1]
 (  0.568912  0.000000  0.199283  0.000000 -0.369629  0.000000 ) 
 (  0.568912  0.000000  0.199283  0.000000 -0.369629  0.000000 ) 
     freq (    2) =       1.156511 [THz] =      38.577049 [cm-1]
 ( -0.098349  0.000000 -0.541867  0.000000 -0.443518  0.000000 ) 
 ( -0.098349  0.000000 -0.541867  0.000000 -0.443518  0.000000 ) 
     freq (    3) =       4.227802 [THz] =     141.024305 [cm-1]
 ( -0.408248  0.000000  0.408248  0.000000 -0.408248  0.000000 ) 
 (  0.408248  0.000000 -0.408248  0.000000  0.408248  0.000000 ) 
     freq (    4) =       4.501559 [THz] =     150.155860 [cm-1]
 ( -0.408248  0.000000  0.408248  0.000000 -0.408248  0.000000 ) 
 ( -0.408248  0.000000  0.408248  0.000000 -0.408248  0.000000 ) 
     freq (    5) =       5.410336 [THz] =     180.469385 [cm-1]
 (  0.265831  0.000000 -0.310932  0.000000 -0.576763  0.000000 ) 
 ( -0.265831  0.000000  0.310932  0.000000  0.576763  0.000000 ) 
     freq (    6) =       5.410336 [THz] =     180.469385 [cm-1]
 ( -0.512511  0.000000 -0.486472  0.000000  0.026039  0.000000 ) 
 (  0.512511  0.000000  0.486472  0.000000 -0.026039  0.000000 ) 
 **************************************************************************
