Dynamical matrix file
                                                                           
  1    2  2 10.2625000  0.0000000  0.0000000  0.0000000  0.0000000  0.0000000
           1  'Si  '    188851.24696980685     
    1    1      0.0000000000      0.0000000000      0.0000000000
    2    1      0.2500000000      0.2500000000      0.2500000000

     Dynamical  Matrix in cartesian axes

     q = (    0.000000000   0.000000000   0.000000000 ) 

    1    1
  0.28925608  0.00000000    0.00000000  0.00000000   -0.00000000  0.00000000
 -0.00000000  0.00000000    0.28925608  0.00000000    0.00000000  0.00000000
  0.00000000  0.00000000    0.00000000  0.00000000    0.28925608  0.00000000
    1    2
 -0.28893741  0.00000000    0.00000000  0.00000000    0.00000000  0.00000000
  0.00000000  0.00000000   -0.28893741  0.00000000    0.00000000  0.00000000
  0.00000000  0.00000000    0.00000000  0.00000000   -0.28893741  0.00000000
    2    1
 -0.28893741  0.00000000   -0.00000000  0.00000000    0.00000000  0.00000000
 -0.00000000  0.00000000   -0.28893741  0.00000000    0.00000000  0.00000000
  0.00000000  0.00000000    0.00000000  0.00000000   -0.28893741  0.00000000
    2    2
  0.28925608  0.00000000   -0.00000000  0.00000000   -0.00000000  0.00000000
  0.00000000  0.00000000    0.28925608  0.00000000    0.00000000  0.00000000
 -0.00000000  0.00000000    0.00000000  0.00000000    0.28925608  0.00000000

     Dielectric Tensor:

         23.563250761042          0.000000000000          0.000000000000
          0.000000000000         23.563250761042         -0.000000000000
          0.000000000000         -0.000000000000         23.563250761042

     Effective Charges E-U: Z_{alpha}{s,beta}

     atom #    1
         -1.174933381201         -0.000000000000          0.000000000000
          0.000000000000         -1.174933381201          0.000000000000
         -0.000000000000          0.000000000000         -1.174933381201
     atom #    2
         -1.174933381201          0.000000000000         -0.000000000000
          0.000000000000         -1.174933381201         -0.000000000000
          0.000000000000         -0.000000000000         -1.174933381201

     Effective Charges U-E: Z_{s,alpha}{beta}

     atom #    1
     -0.117496911918E+01      0.266453525910E-14      0.133226762955E-14
      0.222044604925E-14     -0.117496911918E+01      0.133226762955E-14
      0.133226762955E-14     -0.444089209850E-15     -0.117496911918E+01
     atom #    2
     -0.117496911918E+01      0.444089209850E-15      0.399680288865E-14
      0.133226762955E-14     -0.117496911918E+01     -0.133226762955E-14
      0.355271367880E-14     -0.133226762955E-14     -0.117496911918E+01

     Diagonalizing the dynamical matrix

     q = (    0.000000000   0.000000000   0.000000000 ) 

 **************************************************************************
     freq (    1) =       0.135141 [THz] =       4.507809 [cm-1]
 ( -0.580116  0.000000 -0.383612  0.000000  0.127701 -0.000000 ) 
 ( -0.580116  0.000000 -0.383612  0.000000  0.127701 -0.000000 ) 
     freq (    2) =       0.135141 [THz] =       4.507809 [cm-1]
 (  0.098396  0.000000  0.082670  0.000000  0.695330  0.000000 ) 
 (  0.098396  0.000000  0.082670  0.000000  0.695330  0.000000 ) 
     freq (    3) =       0.135141 [THz] =       4.507809 [cm-1]
 ( -0.392153  0.000000  0.588224  0.000000 -0.014443  0.000000 ) 
 ( -0.392153  0.000000  0.588224  0.000000 -0.014443  0.000000 ) 
     freq (    4) =       5.756410 [THz] =     192.013163 [cm-1]
 (  0.280494  0.000000 -0.213867  0.000000 -0.612849  0.000000 ) 
 ( -0.280494  0.000000  0.213867  0.000000  0.612849  0.000000 ) 
     freq (    5) =       5.756410 [THz] =     192.013163 [cm-1]
 ( -0.646705  0.000000 -0.149305  0.000000 -0.243886  0.000000 ) 
 (  0.646705  0.000000  0.149305  0.000000  0.243886  0.000000 ) 
     freq (    6) =       5.756410 [THz] =     192.013163 [cm-1]
 (  0.055638  0.000000 -0.657243  0.000000  0.254824  0.000000 ) 
 ( -0.055638  0.000000  0.657243  0.000000 -0.254824  0.000000 ) 
 **************************************************************************
