#Step Temp TotEng 
       0          900   -4220.3822 
      10          900   -4017.1952 
      20          900   -4081.8173 
      30          900   -4109.7613 
      40          900   -4101.7309 
      50          900   -4098.3901 
      60          900   -4092.6536 
      70          900   -4098.5797 
      80          900   -4079.6012 
      90          900   -4112.2668 
     100          900   -4084.1319 
     110          900   -4079.1612 
     120          900   -4106.6223 
     130     907.5486   -4108.3453 
     140    898.53962   -4086.6413 
     150    906.91604   -4059.6801 
     160          900   -4107.7189 
     170    893.74386   -4105.9278 
     180          900   -4092.1108 
     190          900   -4076.8854 
     200          900   -4102.0034 
     210    890.30631   -4106.0013 
     220    901.36607   -4093.6023 
     230          900   -4090.5638 
     240          900   -4074.0738 
     250          900   -4109.4549 
     260          900   -4109.3323 
     270    900.00712   -4074.2251 
     280          900   -4081.3402 
     290          900   -4112.3738 
     300          900    -4091.153 
     310    908.54611   -4079.4477 
     320    896.54904   -4101.9211 
     330    897.56922   -4089.0256 
     340          900   -4094.1793 
     350          900   -4106.0501 
     360          900   -4063.4343 
     370          900   -4110.3983 
     380    891.76726   -4101.9258 
     390          900   -4098.9388 
     400     890.3274   -4069.7128 
     410          900   -4102.1755 
     420          900   -4105.6805 
     430          900   -4096.8235 
     440    895.35871   -4079.9977 
     450    902.92335   -4086.0531 
     460          900   -4111.4328 
     470          900   -4087.2304 
     480    909.35604   -4091.7065 
     490    899.02929   -4092.0604 
     500          900   -4090.8138 
     510    906.81179   -4100.2018 
     520    895.19844   -4094.2634 
     530          900   -4082.9327 
     540          900   -4102.9361 
     550          900   -4108.1876 
     560    897.53305    -4067.612 
     570          900   -4097.9692 
     580    891.86969   -4103.1581 
     590          900   -4100.6773 
     600          900   -4094.0877 
     610          900    -4082.484 
     620          900   -4094.5028 
     630     896.8703   -4100.4796 
     640          900   -4106.4575 
     650    896.73541   -4073.5012 
     660          900   -4099.7599 
     670          900   -4106.6819 
     680    908.11591   -4090.0306 
     690    906.79104   -4084.6588 
     700    899.79726   -4100.5873 
     710          900   -4101.4688 
     720          900   -4089.4794 
     730          900   -4093.9554 
     740     890.8238   -4095.7729 
     750    891.47644   -4093.5154 
     760          900    -4099.641 
     770    907.85816    -4086.476 
     780          900   -4094.4166 
     790          900   -4099.0599 
     800          900   -4104.4261 
     810    892.43691   -4082.0202 
     820          900   -4083.4236 
     830          900   -4115.7044 
     840          900   -4093.0728 
     850          900   -4094.2373 
     860    900.07351   -4094.6044 
     870    895.09491   -4090.1919 
     880          900   -4101.0257 
     890          900   -4097.5356 
     900          900   -4077.8422 
     910    902.57706   -4101.6807 
     920    891.85811   -4095.7241 
     930    893.24168   -4085.4537 
     940          900   -4090.1537 
     950          900   -4100.9318 
     960          900   -4099.3324 
     970    900.89624   -4083.7183 
     980    903.35552   -4091.2909 
     990    898.09837   -4091.0589 
    1000          900    -4101.315 
    1010          900   -4096.8255 
    1020          900   -4090.3052 
    1030          900   -4090.2786 
    1040          900   -4099.4063 
    1050          900   -4097.4525 
    1060    905.64631   -4092.1338 
    1070    899.33931   -4090.0833 
    1080    900.43743   -4100.5993 
    1090          900   -4094.5927 
    1100    898.27556   -4089.2155 
    1110    898.20585   -4090.6486 
    1120    905.08668   -4102.9399 
    1130          900   -4094.0973 
    1140    899.54565   -4087.7365 
    1150          900   -4095.4129 
    1160          900   -4096.7686 
    1170          900   -4102.0058 
    1180          900   -4084.2722 
    1190          900   -4091.1148 
    1200          900   -4100.9967 
    1210    905.25846   -4094.0139 
    1220    896.14111   -4094.4261 
    1230    893.70787   -4088.5673 
    1240    908.46664   -4095.6572 
    1250          900   -4099.4685 
    1260          900   -4094.7835 
    1270          900   -4089.0465 
    1280          900    -4091.931 
    1290          900   -4097.0778 
    1300          900   -4098.0873 
    1310    897.95706   -4088.9032 
    1320          900   -4101.5734 
    1330    891.96637   -4099.7616 
    1340    905.53222   -4088.8883 
    1350    896.27721    -4090.177 
    1360    909.14655   -4093.2203 
    1370          900   -4104.7824 
    1380          900   -4087.4284 
    1390          900    -4085.945 
    1400    899.23851   -4094.7974 
    1410          900   -4098.9768 
    1420          900   -4098.0199 
    1430    890.30011   -4094.0958 
    1440    908.33487   -4091.2284 
    1450          900   -4092.7185 
    1460          900   -4099.0771 
    1470    896.06304   -4089.5686 
    1480    903.91869   -4096.9837 
    1490    901.90527   -4095.0426 
    1500     899.6924   -4095.2303 
    1510          900    -4092.035 
    1520    900.37181    -4090.807 
    1530    905.47587   -4098.2417 
    1540    905.59678   -4098.3574 
    1550          900   -4092.2219 
    1560          900    -4087.687 
    1570    899.67317   -4100.6786 
    1580          900   -4100.0188 
    1590          900   -4092.4831 
    1600    906.48789   -4089.4504 
    1610          900   -4098.7419 
    1620          900   -4098.1238 
    1630    894.09852   -4093.2329 
    1640          900   -4090.4134 
    1650          900   -4097.2443 
    1660    900.41378   -4093.4951 
    1670          900   -4094.8757 
    1680          900   -4096.5142 
    1690    907.59224    -4087.917 
    1700    896.53917   -4097.4026 
    1710    893.68799   -4098.0443 
    1720     905.1056   -4090.7089 
    1730          900   -4097.5983 
    1740          900   -4098.7257 
    1750    890.56646   -4092.5451 
    1760    909.42388   -4092.9233 
    1770    892.93139   -4091.4699 
    1780    906.01453   -4098.5584 
    1790          900   -4097.2531 
    1800    893.10729    -4088.542 
    1810          900   -4090.6486 
    1820    894.00879   -4100.4003 
    1830    895.92418    -4096.465 
    1840    894.80512   -4092.8013 
    1850          900   -4094.6399 
    1860    903.92328   -4093.5856 
    1870          900   -4091.1698 
    1880          900   -4092.9799 
    1890          900   -4098.2913 
    1900    898.82831   -4098.2742 
    1910          900   -4094.5823 
    1920          900   -4091.5039 
    1930          900   -4090.0214 
    1940          900   -4101.9511 
    1950     896.3341   -4095.0207 
    1960          900   -4092.8687 
    1970    893.36918   -4090.0678 
    1980    890.44768   -4092.3794 
    1990     893.1204   -4098.7363 
    2000          900   -4098.2775 
    2010    894.19568   -4092.7702 
    2020    907.16337   -4095.8058 
    2030    908.19105    -4095.594 
    2040    905.86635   -4093.4551 
    2050    893.98024    -4091.839 
    2060    902.63046   -4095.8137 
    2070    894.19745   -4099.3131 
    2080          900   -4088.6899 
    2090          900   -4091.3823 
    2100          900   -4099.8491 
    2110          900   -4090.8335 
    2120    903.37671   -4099.6301 
    2130          900    -4092.879 
    2140    905.78796    -4092.843 
    2150    901.66279   -4097.5683 
    2160    896.20967   -4095.9638 
    2170    892.83693   -4090.0057 
    2180     893.1036   -4094.3031 
    2190    904.70525   -4097.6537 
    2200          900   -4097.9669 
    2210          900   -4092.0726 
    2220          900   -4093.4101 
    2230    908.09691   -4096.8982 
    2240    903.86255   -4096.8536 
    2250    899.55929   -4097.4856 
    2260          900   -4098.8354 
    2270    902.17979   -4092.6214 
    2280          900   -4096.4155 
    2290    898.16827   -4088.1875 
    2300      909.092    -4095.098 
    2310          900   -4099.4629 
    2320    894.68999   -4096.3283 
    2330    903.85376    -4088.119 
    2340    901.67718   -4093.0788 
    2350     891.1278   -4099.4913 
    2360          900   -4098.3005 
    2370    892.81392   -4095.6333 
    2380          900   -4091.0007 
    2390          900    -4095.053 
    2400    905.57673   -4094.8758 
    2410    893.29917   -4092.6688 
    2420     908.8687   -4096.9022 
    2430    892.89115   -4095.3558 
    2440          900   -4095.4912 
    2450          900   -4093.4796 
    2460    904.64003   -4095.6055 
    2470    894.05097   -4096.7745 
    2480    898.65677   -4099.7085 
    2490    899.56637   -4091.0006 
    2500          900   -4089.4569 
    2510    903.85404    -4098.829 
    2520    906.59869   -4095.4697 
    2530    904.88043   -4095.5731 
    2540    904.12688    -4093.373 
    2550          900   -4099.2576 
    2560    896.08501   -4094.6038 
    2570    908.24211   -4093.7816 
    2580    903.43701   -4090.7139 
    2590    897.25641   -4096.0919 
    2600    903.83765   -4095.2547 
    2610          900   -4096.1404 
    2620          900   -4094.4928 
    2630    893.90056   -4092.4477 
    2640          900   -4097.5193 
    2650    894.32701   -4093.9401 
    2660    908.29354   -4092.1389 
    2670    901.40915   -4099.4416 
    2680          900   -4096.9294 
    2690    894.31195   -4092.4096 
    2700          900   -4093.1131 
    2710    893.81515   -4094.2393 
    2720          900   -4095.9979 
    2730          900   -4100.0674 
    2740     890.3859   -4087.1701 
    2750          900    -4092.394 
    2760          900    -4098.636 
    2770    896.92309   -4096.1816 
    2780     890.2335   -4095.5964 
    2790          900   -4096.8566 
    2800     901.7552    -4089.369 
    2810     905.4294   -4095.5447 
    2820          900   -4094.0342 
    2830    894.38144   -4094.3624 
    2840          900   -4101.3286 
    2850          900   -4087.3066 
    2860     902.9141   -4091.7555 
    2870    905.42218   -4089.7265 
    2880          900    -4097.896 
    2890          900   -4098.6673 
    2900    908.33569   -4093.2593 
    2910          900    -4094.013 
    2920    898.37671   -4094.3278 
    2930    898.78213   -4097.6193 
    2940    897.96565   -4094.8456 
    2950     893.1672   -4095.7062 
    2960    904.07251   -4090.3298 
    2970    908.06857   -4096.7511 
    2980    907.17794    -4095.949 
    2990          900   -4085.5806 
    3000    907.34616   -4098.9036 
    3010          900   -4095.2274 
    3020    892.37651   -4094.4103 
    3030    896.72551   -4093.5844 
    3040    893.97579   -4095.8919 
    3050          900    -4094.903 
    3060     900.3357   -4094.3506 
    3070    902.18014   -4094.3604 
    3080          900   -4097.9964 
    3090          900     -4095.59 
    3100    895.86209    -4093.757 
    3110    892.57988   -4094.0832 
    3120          900   -4089.1054 
    3130          900   -4100.8554 
    3140    891.08187    -4098.724 
    3150          900   -4096.7323 
    3160    891.49609   -4091.4044 
    3170          900   -4096.8192 
    3180          900   -4093.7857 
    3190    899.44624   -4092.5538 
    3200          900   -4093.2726 
    3210    900.90622   -4094.2389 
    3220    906.31525   -4093.1385 
    3230    897.92606   -4091.8586 
    3240    906.62587   -4096.4272 
    3250    903.29665   -4095.9684 
    3260    899.61759   -4097.7501 
    3270    894.19125    -4093.371 
    3280          900   -4092.5878 
    3290    908.07835   -4095.8096 
    3300    908.29621   -4098.6484 
    3310    898.77027   -4094.9496 
    3320          900   -4093.2198 
    3330    900.40157   -4093.1245 
    3340    893.29823   -4094.5643 
    3350    904.56044   -4094.6292 
    3360          900   -4096.3744 
    3370    909.51305   -4092.9457 
    3380          900   -4094.0927 
    3390    905.92153   -4094.2272 
    3400    899.38243   -4093.4365 
    3410    906.90151   -4094.9909 
    3420          900   -4098.7778 
    3430    901.02779    -4095.525 
    3440     899.4101   -4091.8187 
    3450          900   -4097.6439 
    3460          900   -4095.1566 
    3470    905.48173   -4093.4378 
    3480    890.33214   -4093.3839 
    3490    899.77215   -4099.9954 
    3500    908.79955   -4095.0016 
    3510          900   -4092.9326 
    3520    900.63829   -4095.1154 
    3530          900   -4093.6326 
    3540    907.21924   -4098.1259 
    3550    890.51368   -4095.8674 
    3560          900   -4094.9328 
    3570    906.43483   -4096.9665 
    3580    900.62319   -4090.6379 
    3590          900   -4096.0762 
    3600    904.46272   -4097.0032 
    3610    898.55324   -4094.0477 
    3620    904.06944   -4100.6228 
    3630          900   -4093.3924 
    3640    897.69825   -4093.8449 
    3650          900   -4098.3127 
    3660          900   -4097.5195 
    3670          900   -4097.8345 
    3680    893.53528   -4092.6708 
    3690          900   -4094.6062 
    3700          900   -4098.0312 
    3710          900   -4095.0754 
    3720    902.59317   -4096.6124 
    3730    901.81595   -4092.9692 
    3740          900   -4095.8698 
    3750    897.66302   -4094.2432 
    3760          900    -4095.255 
    3770          900   -4096.6692 
    3780          900   -4100.7541 
    3790          900   -4095.5627 
    3800    901.04773   -4096.6879 
    3810    897.17615   -4094.6476 
    3820    900.98454   -4097.0974 
    3830    909.14301    -4095.284 
    3840    904.14818   -4094.2533 
    3850    908.16827   -4094.8811 
    3860    891.28039   -4096.6061 
    3870    907.74188   -4094.1457 
    3880          900   -4093.4568 
    3890    892.65128   -4090.7165 
    3900    902.74112    -4096.397 
    3910    895.25135   -4096.3276 
    3920    903.87688   -4092.4467 
    3930    908.47976   -4093.1953 
    3940          900    -4094.557 
    3950          900   -4093.8814 
    3960    891.72312   -4100.1062 
    3970    897.43163   -4095.4637 
    3980      901.957   -4093.7661 
    3990          900     -4094.78 
    4000    903.31072   -4089.0369 
    4010    898.58218   -4095.1094 
    4020          900    -4098.107 
    4030          900   -4095.6526 
    4040    893.75977   -4092.0493 
    4050    900.34797   -4094.0036 
    4060    905.58927   -4096.9444 
    4070    898.86288   -4093.7899 
    4080    906.67339   -4097.1426 
    4090    891.08471   -4095.3521 
    4100    902.00364   -4093.3355 
    4110    891.99326   -4094.7148 
    4120     897.3214   -4097.9944 
    4130     894.6237   -4094.5964 
    4140    899.04096   -4095.7849 
    4150    894.36736   -4099.8687 
    4160          900    -4090.117 
    4170    902.02701   -4090.0304 
    4180    909.54157   -4100.6544 
    4190    890.65392     -4095.22 
    4200          900   -4096.7151 
    4210          900   -4089.6437 
    4220    897.92705   -4093.7758 
    4230    895.65448   -4095.3547 
    4240          900   -4096.2619 
    4250    903.59592   -4093.2744 
    4260    905.03477   -4095.6139 
    4270     900.7258   -4095.5119 
    4280    893.34387   -4095.4552 
    4290    902.78599   -4092.0337 
    4300    896.09506   -4096.5684 
    4310     904.5715   -4095.5302 
    4320    891.79122   -4093.7583 
    4330    898.66856   -4094.0903 
    4340    904.78918   -4094.1472 
    4350    902.83906   -4095.7079 
    4360    908.23225   -4093.4053 
    4370    901.55716   -4093.6259 
    4380    903.62161   -4091.7662 
    4390    907.55388   -4099.7289 
    4400    894.75856     -4093.74 
    4410    904.53332   -4093.6412 
    4420          900    -4096.493 
    4430    896.05905   -4097.8231 
    4440    908.38215   -4098.2945 
    4450     900.7481   -4089.2177 
    4460          900   -4097.0877 
    4470    908.96948   -4096.3238 
    4480    908.47017   -4093.1578 
    4490    893.30452   -4092.7823 
    4500          900   -4097.0892 
    4510    897.80685   -4093.6478 
    4520          900   -4091.9021 
    4530    904.05481   -4094.9893 
    4540    905.13461   -4096.4167 
    4550          900   -4096.6532 
    4560    892.57071   -4100.4974 
    4570    890.15814   -4092.0582 
    4580    902.05756   -4090.3759 
    4590    893.23969   -4093.9213 
    4600    902.66417   -4099.0053 
    4610    900.98882   -4093.3093 
    4620     907.9885   -4095.6243 
    4630          900   -4091.7363 
    4640          900   -4095.9778 
    4650    899.76701   -4094.1684 
    4660    893.55642   -4095.3666 
    4670          900   -4094.9579 
    4680          900   -4097.8894 
    4690    901.86653   -4095.7663 
    4700    897.86113   -4092.0576 
    4710    909.80519   -4096.1506 
    4720    903.15682   -4095.9702 
    4730          900    -4094.625 
    4740    907.74879   -4090.3939 
    4750    906.84837   -4099.0996 
    4760    890.82765   -4091.8754 
    4770    907.37954   -4096.0983 
    4780    896.91968    -4093.746 
    4790    891.19642    -4095.959 
    4800     903.7191   -4096.7857 
    4810          900   -4095.8183 
    4820          900   -4094.0431 
    4830    904.89137   -4094.0172 
    4840    907.28253   -4094.5058 
    4850    891.37929   -4096.3388 
    4860          900    -4094.245 
    4870          900   -4093.9832 
    4880    900.69418   -4092.6573 
    4890    893.35602   -4096.3258 
    4900      895.811   -4093.9222 
    4910    890.23601   -4099.7162 
    4920          900   -4094.6148 
    4930    899.81861   -4097.4684 
    4940    895.39472   -4092.8209 
    4950          900    -4094.533 
    4960    899.77675    -4095.894 
    4970    902.33303   -4097.1404 
    4980    892.18713   -4097.6638 
    4990          900   -4090.6501 
    5000          900   -4095.7375 
